 &plot nbnd=   8, nks=    91 /
            0.500000  0.500000  0.500000
   -1.489    0.551   11.826   11.826   23.633   23.633   24.781   31.236
            0.475000  0.475000  0.475000
   -1.691    0.783   11.837   11.837   23.633   23.633   24.772   31.234
            0.450000  0.450000  0.450000
   -2.141    1.323   11.872   11.872   23.632   23.632   24.743   31.227
            0.425000  0.425000  0.425000
   -2.666    1.997   11.931   11.931   23.626   23.626   24.695   31.215
            0.400000  0.400000  0.400000
   -3.202    2.741   12.012   12.012   23.613   23.613   24.627   31.193
            0.375000  0.375000  0.375000
   -3.724    3.530   12.116   12.116   23.586   23.586   24.539   31.159
            0.350000  0.350000  0.350000
   -4.223    4.352   12.242   12.242   23.538   23.538   24.428   31.111
            0.325000  0.325000  0.325000
   -4.695    5.200   12.390   12.390   23.462   23.462   24.293   31.045
            0.300000  0.300000  0.300000
   -5.136    6.070   12.558   12.558   23.351   23.351   24.133   30.963
            0.275000  0.275000  0.275000
   -5.545    6.956   12.746   12.746   23.200   23.200   23.945   30.867
            0.250000  0.250000  0.250000
   -5.921    7.854   12.951   12.951   23.007   23.007   23.727   30.760
            0.225000  0.225000  0.225000
   -6.262    8.758   13.172   13.172   22.773   22.774   23.475   30.647
            0.200000  0.200000  0.200000
   -6.569    9.661   13.405   13.405   22.504   22.504   23.189   30.533
            0.175000  0.175000  0.175000
   -6.840   10.555   13.647   13.647   22.207   22.207   22.867   30.422
            0.150000  0.150000  0.150000
   -7.076   11.429   13.890   13.890   21.896   21.896   22.511   30.319
            0.125000  0.125000  0.125000
   -7.275   12.269   14.129   14.129   21.584   21.584   22.127   30.227
            0.100000  0.100000  0.100000
   -7.439   13.053   14.352   14.352   21.290   21.290   21.727   30.149
            0.075000  0.075000  0.075000
   -7.567   13.751   14.549   14.549   21.031   21.031   21.336   30.087
            0.050000  0.050000  0.050000
   -7.658   14.321   14.704   14.704   20.827   20.827   20.989   30.041
            0.025000  0.025000  0.025000
   -7.713   14.703   14.805   14.805   20.696   20.696   20.742   30.014
            0.000000  0.000000  0.000000
   -7.731   14.840   14.840   14.840   20.651   20.651   20.651   30.005
            0.033333  0.000000  0.000000
   -7.720   14.791   14.791   14.814   20.642   20.709   20.709   30.010
            0.066667  0.000000  0.000000
   -7.688   14.650   14.650   14.739   20.618   20.879   20.879   30.023
            0.100000  0.000000  0.000000
   -7.634   14.432   14.432   14.614   20.577   21.145   21.145   30.037
            0.133333  0.000000  0.000000
   -7.558   14.157   14.157   14.443   20.522   21.488   21.488   30.038
            0.166667  0.000000  0.000000
   -7.461   13.840   13.840   14.227   20.453   21.890   21.890   30.006
            0.200000  0.000000  0.000000
   -7.342   13.496   13.496   13.969   20.374   22.338   22.338   29.919
            0.233333  0.000000  0.000000
   -7.202   13.137   13.137   13.673   20.284   22.820   22.820   29.749
            0.266667  0.000000  0.000000
   -7.040   12.771   12.771   13.340   20.188   23.326   23.326   29.476
            0.300000  0.000000  0.000000
   -6.858   12.404   12.404   12.975   20.086   23.851   23.851   29.094
            0.333333  0.000000  0.000000
   -6.654   12.040   12.040   12.579   19.982   24.389   24.389   28.613
            0.366667  0.000000  0.000000
   -6.429   11.683   11.683   12.155   19.876   24.937   24.937   28.059
            0.400000  0.000000  0.000000
   -6.183   11.336   11.336   11.706   19.772   25.491   25.491   27.457
            0.433333  0.000000  0.000000
   -5.916   11.001   11.001   11.233   19.671   26.048   26.048   26.832
            0.466667  0.000000  0.000000
   -5.629   10.679   10.679   10.738   19.574   26.202   26.605   26.605
            0.500000  0.000000  0.000000
   -5.321   10.223   10.373   10.373   19.483   25.581   27.161   27.161
            0.533333  0.000000  0.000000
   -4.993    9.690   10.082   10.082   19.401   24.977   27.713   27.713
            0.566667  0.000000  0.000000
   -4.645    9.142    9.808    9.808   19.328   24.398   28.259   28.259
            0.600000  0.000000  0.000000
   -4.278    8.579    9.553    9.553   19.265   23.848   28.795   28.795
            0.633333  0.000000  0.000000
   -3.891    8.005    9.316    9.316   19.215   23.330   29.320   29.320
            0.666667  0.000000  0.000000
   -3.486    7.421    9.098    9.098   19.177   22.845   29.829   29.829
            0.700000  0.000000  0.000000
   -3.062    6.829    8.899    8.899   19.154   22.393   30.319   30.319
            0.733333  0.000000  0.000000
   -2.620    6.231    8.720    8.720   19.146   21.975   30.784   30.784
            0.766667  0.000000  0.000000
   -2.160    5.630    8.562    8.562   19.155   21.591   31.221   31.221
            0.800000  0.000000  0.000000
   -1.683    5.028    8.424    8.424   19.181   21.239   31.621   31.621
            0.833333  0.000000  0.000000
   -1.191    4.426    8.307    8.307   19.225   20.920   31.979   31.979
            0.866667  0.000000  0.000000
   -0.682    3.827    8.211    8.211   19.289   20.631   32.286   32.286
            0.900000  0.000000  0.000000
   -0.159    3.232    8.137    8.137   19.373   20.372   32.536   32.536
            0.933333  0.000000  0.000000
    0.378    2.643    8.083    8.083   19.479   20.141   32.720   32.720
            0.966667  0.000000  0.000000
    0.928    2.061    8.051    8.051   19.608   19.938   32.834   32.834
            1.000000  0.000000  0.000000
    1.489    1.489    8.040    8.040   19.760   19.760   32.872   32.872
            1.000000  0.025000  0.025000
    1.495    1.500    7.974    8.051   19.770   19.852   32.839   32.858
            1.000000  0.050000  0.050000
    1.513    1.533    7.781    8.082   19.799   20.122   32.743   32.815
            1.000000  0.075000  0.075000
    1.540    1.587    7.481    8.134   19.848   20.552   32.584   32.746
            1.000000  0.100000  0.100000
    1.574    1.662    7.099    8.206   19.916   21.117   32.367   32.653
            1.000000  0.125000  0.125000
    1.610    1.759    6.664    8.298   20.003   21.793   32.097   32.537
            1.000000  0.150000  0.150000
    1.641    1.877    6.205    8.411   20.109   22.559   31.779   32.403
            1.000000  0.175000  0.175000
    1.653    2.017    5.750    8.542   20.234   23.394   31.420   32.252
            1.000000  0.200000  0.200000
    1.630    2.178    5.330    8.692   20.378   24.283   31.026   32.089
            1.000000  0.225000  0.225000
    1.547    2.361    4.980    8.861   20.540   25.210   30.603   31.914
            1.000000  0.250000  0.250000
    1.379    2.564    4.731    9.047   20.719   26.164   30.157   31.732
            0.966667  0.241667  0.241667
    1.306    2.579    4.876    8.992   20.665   25.857   30.269   31.722
            0.933333  0.233333  0.233333
    0.977    2.774    5.143    8.959   20.629   25.578   30.304   31.594
            0.900000  0.225000  0.225000
    0.522    3.064    5.488    8.948   20.607   25.333   30.266   31.385
            0.866667  0.216667  0.216667
    0.019    3.396    5.884    8.959   20.599   25.125   30.165   31.123
            0.833333  0.208333  0.208333
   -0.500    3.752    6.315    8.992   20.601   24.960   30.008   30.823
            0.800000  0.200000  0.200000
   -1.019    4.125    6.772    9.048   20.610   24.843   29.805   30.494
            0.766667  0.191667  0.191667
   -1.530    4.515    7.247    9.126   20.621   24.779   29.563   30.142
            0.733333  0.183333  0.183333
   -2.030    4.919    7.733    9.228   20.632   24.773   29.287   29.770
            0.700000  0.175000  0.175000
   -2.514    5.339    8.227    9.351   20.638   24.830   28.982   29.380
            0.666667  0.166667  0.166667
   -2.982    5.774    8.722    9.497   20.638   24.952   28.652   28.974
            0.633333  0.158333  0.158333
   -3.432    6.224    9.215    9.666   20.631   25.139   28.298   28.554
            0.600000  0.150000  0.150000
   -3.861    6.688    9.702    9.856   20.619   25.391   27.924   28.121
            0.566667  0.141667  0.141667
   -4.271    7.167   10.068   10.180   20.602   25.702   27.528   27.677
            0.533333  0.133333  0.133333
   -4.659    7.659   10.300   10.646   20.584   26.065   27.114   27.228
            0.500000  0.125000  0.125000
   -5.026    8.163   10.553   11.098   20.565   26.437   26.681   26.809
            0.466667  0.116667  0.116667
   -5.370    8.679   10.826   11.532   20.549   26.232   26.242   26.989
            0.433333  0.108333  0.108333
   -5.692    9.204   11.117   11.946   20.537   25.766   25.776   27.461
            0.400000  0.100000  0.100000
   -5.991    9.738   11.424   12.340   20.529   25.287   25.294   27.956
            0.366667  0.091667  0.091667
   -6.267   10.278   11.748   12.711   20.526   24.798   24.806   28.446
            0.333333  0.083333  0.083333
   -6.520   10.822   12.084   13.057   20.529   24.301   24.315   28.904
            0.300000  0.075000  0.075000
   -6.749   11.365   12.432   13.377   20.537   23.802   23.824   29.303
            0.266667  0.066667  0.066667
   -6.955   11.904   12.786   13.670   20.548   23.305   23.337   29.619
            0.233333  0.058333  0.058333
   -7.136   12.434   13.142   13.934   20.563   22.817   22.858   29.842
            0.200000  0.050000  0.050000
   -7.294   12.946   13.495   14.167   20.580   22.346   22.393   29.975
            0.166667  0.041667  0.041667
   -7.427   13.432   13.835   14.368   20.598   21.903   21.950   30.039
            0.133333  0.033333  0.033333
   -7.536   13.878   14.151   14.536   20.615   21.500   21.542   30.055
            0.100000  0.025000  0.025000
   -7.621   14.265   14.428   14.668   20.630   21.154   21.184   30.045
            0.066667  0.016667  0.016667
   -7.682   14.571   14.647   14.763   20.641   20.884   20.901   30.026
            0.033333  0.008333  0.008333
   -7.719   14.770   14.790   14.820   20.648   20.711   20.715   30.011
            0.000000  0.000000  0.000000
   -7.731   14.840   14.840   14.840   20.651   20.651   20.651   30.005
